# omegabh2 omegach2 H0 void_qV0 void_qV1 void_qV2 void_qV3 void_qV4 void_qV5 void_qV6 void_qV7 void_qV8 void_qV9 void_qV10 void_qV11 void_qV12 void_qV13 void_qV14 void_qV15 void_qV16 logA ns calPlanck alpha_JLA beta_JLA acib217 xi asz143 aps100 aps143 aps143217 aps217 aksz kgal100 kgal143 kgal143217 kgal217 cal0 cal2
  3.8096122E-08  -3.0430304E-07   2.7494650E-05   4.1628886E-06  -3.1125561E-06  -1.4113151E-05  -1.0824638E-05  -5.7935916E-06  -5.5188517E-06  -5.8952835E-06  -1.7516458E-06   8.3791306E-06   2.0876605E-05   2.7282537E-05   2.9675215E-05   2.9969391E-05   1.9053110E-05   1.2682202E-05   8.6697743E-06   2.6908367E-06  -9.7976417E-08   3.5508702E-07   2.1274648E-08  -1.2022192E-10   3.4865460E-07  -1.3610582E-04   2.3620201E-06   4.5449475E-05  -7.0007696E-04  -3.7749556E-04  -8.9045333E-05   1.2552415E-05  -6.2208856E-05  -1.3054018E-06  -5.2534549E-06  -1.2948884E-05   9.9227620E-06   7.2718156E-10  -1.6209218E-08
 -3.0430304E-07   1.2479745E-03  -1.7215286E-02   2.8942856E-02   2.9948479E-02   1.8959227E-02   7.7450762E-03  -3.5061388E-04  -4.9116906E-03  -3.5791966E-03  -1.1528829E-03  -8.7687735E-04  -1.3222250E-03  -5.5498732E-04  -5.0360644E-05  -1.4650884E-03  -9.3294867E-04   6.8638572E-04   7.6558609E-05  -9.7536565E-04   7.2001700E-07  -4.8219073E-06  -2.0558139E-06  -1.7206735E-05  -2.1099773E-04   3.2761040E-03   5.6008472E-05  -6.4101016E-04   9.8498010E-03   3.2398336E-03  -1.4135208E-03  -4.3423519E-03   1.5466980E-03   4.7015202E-04  -2.1746769E-04   2.9519357E-04  -1.8918440E-03  -1.3207582E-07   4.5545160E-07
  2.7494650E-05  -1.7215286E-02   6.8953212E-01  -1.6135914E-01  -2.8103244E-01  -2.9469373E-01  -2.6843667E-01  -1.6149751E-01  -3.3507422E-02  -3.9664398E-03   7.4704554E-04  -4.4467944E-02  -1.6088878E-02  -5.9328497E-02  -4.2668821E-02   4.2303108E-02   6.0649215E-02   6.5427941E-03   1.8474519E-02   3.8476938E-02   1.8036891E-04  -9.0271656E-05  -1.8068016E-05   4.0029183E-04   6.2311913E-03  -1.1605648E-01  -5.0802862E-04   4.7058983E-02  -7.4575370E-01  -3.1473941E-01  -5.5090470E-02   6.6460290E-02  -7.1146643E-02  -1.6510466E-02  -1.1632883E-02  -3.8260949E-02  -3.0847625E-02   1.6424272E-06  -1.7076308E-05
  4.1628886E-06   2.8942856E-02  -1.6135914E-01   1.2360160E+00   6.0500980E-01   5.6316154E-02  -9.8479999E-02  -1.1017954E-01  -1.2547938E-01  -7.7541356E-03   6.9245427E-02   2.0642247E-02  -1.1034110E-02  -1.3636219E-02   4.5627621E-03  -3.0247598E-02   1.2319191E-02   4.9249415E-02   2.3827549E-02  -1.5134924E-02  -8.3224845E-05  -2.5447258E-05   1.0416125E-05  -2.4736733E-04  -2.0073489E-03   1.6643013E-01  -7.9506276E-04  -2.6504220E-03   3.9683632E-01  -3.9355314E-03  -1.3076236E-01  -2.5000514E-01   4.5121738E-02   1.7329380E-02   1.0736325E-02   4.4652409E-02  -3.0179025E-02  -4.5211288E-06   1.4335328E-05
 -3.1125561E-06   2.9948479E-02  -2.8103244E-01   6.0500980E-01   1.1440402E+00   4.8765645E-01  -3.3274069E-02  -2.0249958E-01  -1.9426355E-01  -1.0960189E-01  -1.0268169E-03  -6.1313888E-03  -1.3465284E-02   2.7628319E-02   2.8697789E-02   4.4432234E-02   3.2691628E-02   4.6475190E-02   1.8805936E-02  -9.2004677E-03  -2.2157659E-04  -2.5481485E-05  -9.1571858E-05  -3.8794359E-04  -3.7201799E-03   9.7333047E-02  -2.2269890E-04  -4.9120490E-03   1.4401605E-01   4.5817544E-02  -5.4770505E-02  -1.2371041E-01   4.3481057E-02   6.9442637E-03  -1.6327283E-02  -2.2533896E-02  -1.0820224E-01   3.1649159E-06   1.0404948E-05
 -1.4113151E-05   1.8959227E-02  -2.9469373E-01   5.6316154E-02   4.8765645E-01   9.6056394E-01   2.9134558E-01  -2.2974114E-01  -2.3723898E-01  -1.8914979E-01  -7.3731325E-02   2.4791312E-02   1.0688955E-02  -1.2026025E-02   2.2254382E-02   3.7869216E-02   1.2881636E-02   6.0586352E-03  -1.8566026E-02  -3.6789605E-02  -1.8014056E-04  -9.6738568E-05  -1.1240580E-04  -2.6858790E-04  -4.5930408E-03   3.2812320E-02   1.9493720E-03  -6.0186891E-02   3.5384741E-01   9.3204773E-02  -1.3611917E-01  -1.2829339E-01   9.4070134E-02  -4.1372097E-03   4.5226737E-03  -6.1335897E-02  -1.4117037E-01  -5.8146334E-06  -3.6192933E-06
 -1.0824638E-05   7.7450762E-03  -2.6843667E-01  -9.8479999E-02  -3.3274069E-02   2.9134558E-01   7.5098805E-01   1.4864310E-01  -2.3419889E-01  -2.3571821E-01  -1.5426893E-01  -5.9919286E-02   1.0574741E-02   4.5025967E-02   7.1293185E-02   2.4008592E-02   3.2811287E-02   5.6843113E-02   1.7098500E-02  -1.1714344E-02   4.9240290E-05   7.8406005E-05  -5.3272219E-05  -2.1888849E-04  -3.2007719E-03  -8.2033270E-02   4.7468097E-05   3.0811744E-02  -5.3609127E-01   1.4029786E-03   1.1832912E-01   1.2347673E-01  -7.3787613E-02   4.0235153E-03  -1.4044348E-02   5.0383771E-02   1.1297693E-01  -6.3813464E-06   6.4790482E-06
 -5.7935916E-06  -3.5061388E-04  -1.6149751E-01  -1.1017954E-01  -2.0249958E-01  -2.2974114E-01   1.4864310E-01   7.6863820E-01   1.7477059E-01  -1.8999879E-01  -2.5749204E-01  -1.9380653E-01  -6.4847914E-02   2.9561255E-02   4.7933909E-02   8.2927802E-05   1.9427979E-02   4.8171056E-03   2.3810049E-02   3.8193045E-02   5.0332378E-04  -4.8297979E-04  -2.5246215E-05  -7.6003907E-05  -1.7619149E-03  -3.9322368E-02  -2.0640148E-04   1.5290325E-02  -8.9658105E-02   8.9164217E-02   1.7155939E-01   1.8234612E-01  -3.4039163E-02   1.0633525E-05  -6.8582067E-03  -1.1060583E-02  -2.8656244E-03  -1.9731621E-06  -8.2992796E-06
 -5.5188517E-06  -4.9116906E-03  -3.3507422E-02  -1.2547938E-01  -1.9426355E-01  -2.3723898E-01  -2.3419889E-01   1.7477059E-01   7.0725052E-01   1.6649170E-01  -2.1873970E-01  -2.5954734E-01  -1.5743571E-01  -1.8887506E-02   1.0160241E-03   6.9419125E-03  -1.8512819E-02  -6.7405696E-02  -5.6986357E-02  -6.4448657E-03   5.1421775E-04  -4.4183387E-04  -7.8533941E-06   6.2250564E-05  -1.6724419E-04  -7.6813889E-02   3.9798322E-03  -1.7926726E-02   1.4094712E-01   6.1342103E-02   1.1261698E-01   1.4701972E-01  -1.4567691E-02  -1.5896268E-02  -1.9944025E-02  -2.3271617E-02   1.1592310E-02   1.0742505E-05   9.2234582E-07
 -5.8952835E-06  -3.5791966E-03  -3.9664398E-03  -7.7541356E-03  -1.0960189E-01  -1.8914979E-01  -2.3571821E-01  -1.8999879E-01   1.6649170E-01   7.1482574E-01   1.9095198E-01  -1.9832039E-01  -2.4639428E-01  -1.6183860E-01  -1.0902659E-01  -5.4904184E-02  -4.0665866E-02  -2.8692183E-02   2.1708013E-02  -1.0625419E-02   7.8178237E-04  -2.8264377E-04   1.7684905E-04  -1.5112099E-05   4.4879381E-04  -5.9579006E-02   4.3222322E-03   1.2237673E-04  -1.6872039E-01   1.5815898E-02   1.1058890E-01   1.3090562E-01  -1.7194692E-02   1.1383668E-02   4.7204584E-03  -1.2840263E-02   4.1055612E-02   6.3465020E-06  -1.2262445E-06
 -1.7516458E-06  -1.1528829E-03   7.4704554E-04   6.9245427E-02  -1.0268169E-03  -7.3731325E-02  -1.5426893E-01  -2.5749204E-01  -2.1873970E-01   1.9095198E-01   8.0070812E-01   2.8626437E-01  -2.2717843E-01  -3.1874620E-01  -2.3563655E-01  -1.6669617E-01  -9.3090393E-02  -2.2908264E-02  -2.5791694E-02   1.0886698E-02  -9.6831791E-06   2.0070012E-04   7.5902639E-05  -3.4886845E-05  -2.4552906E-04   2.0634639E-02   5.5742320E-04  -8.8060675E-03   2.4933441E-01  -1.1463731E-02  -2.1554558E-02  -1.9343365E-04  -1.4085221E-02  -5.3452224E-03  -5.6879734E-05  -1.6193359E-04   1.7867522E-02  -7.4207322E-06   1.3020148E-05
  8.3791306E-06  -8.7687735E-04  -4.4467944E-02   2.0642247E-02  -6.1313888E-03   2.4791312E-02  -5.9919286E-02  -1.9380653E-01  -2.5954734E-01  -1.9832039E-01   2.8626437E-01   8.4481876E-01   2.7584769E-01  -2.1799444E-01  -3.4135302E-01  -2.8355547E-01  -1.9600696E-01  -1.1690583E-01  -8.4309263E-02  -2.1226220E-02  -5.9528610E-04   5.8315196E-04   6.1139424E-05  -3.1479745E-05  -1.8455794E-05   8.4461549E-02  -2.6134319E-03   1.3084550E-02   2.4431511E-01   3.8756737E-02  -2.5057931E-02  -1.0534411E-01  -2.9043736E-03  -8.1215994E-03   2.2355694E-03   6.2040329E-02   7.0163889E-02  -3.2888157E-06   8.7712959E-06
  2.0876605E-05  -1.3222250E-03  -1.6088878E-02  -1.1034110E-02  -1.3465284E-02   1.0688955E-02   1.0574741E-02  -6.4847914E-02  -1.5743571E-01  -2.4639428E-01  -2.2717843E-01   2.7584769E-01   8.7730040E-01   2.3643493E-01  -2.1031789E-01  -3.0373769E-01  -2.3659277E-01  -1.3651749E-01  -5.4035777E-02  -4.9806662E-02  -9.6385844E-04   7.3363550E-04   1.8137056E-05   3.9965781E-05   9.1285250E-04   1.3506508E-01  -5.7901867E-03  -3.2125550E-04   3.7748935E-01  -8.2417883E-02  -2.7317922E-01  -3.0617623E-01   5.7177621E-02   2.1974603E-02   2.6882980E-02   7.7680377E-02   6.0796077E-02   1.3091057E-06   5.7591029E-06
  2.7282537E-05  -5.5498732E-04  -5.9328497E-02  -1.3636219E-02   2.7628319E-02  -1.2026025E-02   4.5025967E-02   2.9561255E-02  -1.8887506E-02  -1.6183860E-01  -3.1874620E-01  -2.1799444E-01   2.3643493E-01   8.6449242E-01   3.4131375E-01  -9.3247535E-02  -1.5969604E-01  -7.9118548E-02  -5.4376154E-02  -6.4629453E-02  -1.1733070E-03   8.3799910E-04  -4.9467586E-05   7.9167591E-06  -2.0603581E-04   1.1137660E-01  -3.5380948E-03   2.8960165E-03   2.7648876E-02  -9.7647110E-02  -1.7552600E-01  -2.8196937E-01   4.3348933E-02   3.8823231E-03   3.0198936E-02   2.6727757E-02  -5.2907201E-02   5.9485116E-06  -5.4211756E-06
  2.9675215E-05  -5.0360644E-05  -4.2668821E-02   4.5627621E-03   2.8697789E-02   2.2254382E-02   7.1293185E-02   4.7933909E-02   1.0160241E-03  -1.0902659E-01  -2.3563655E-01  -3.4135302E-01  -2.1031789E-01   3.4131375E-01   9.8780186E-01   4.8701697E-01   3.0625929E-02  -6.9937296E-02  -8.1709591E-02  -5.8745975E-02  -1.1615593E-03   9.8371984E-04  -6.3615041E-05   5.7288148E-05   1.2054178E-04  -2.7094389E-02  -3.1305856E-03   1.5365834E-02  -2.1276848E-01  -2.1398260E-01  -1.6434808E-01  -1.1978633E-01   1.2890886E-02   9.0276768E-03   7.7006492E-03  -1.8233926E-02  -2.0787907E-02   6.5380388E-06  -9.8723031E-06
  2.9969391E-05  -1.4650884E-03   4.2303108E-02  -3.0247598E-02   4.4432234E-02   3.7869216E-02   2.4008592E-02   8.2927802E-05   6.9419125E-03  -5.4904184E-02  -1.6669617E-01  -2.8355547E-01  -3.0373769E-01  -9.3247535E-02   4.8701697E-01   1.1788984E+00   5.9802061E-01   8.1221776E-02   1.7488200E-03  -1.7616424E-03  -9.3711535E-04   1.1306361E-03   1.0121659E-05   1.4711320E-04   2.0759193E-03  -1.6573510E-01   4.9889753E-03   1.9705896E-02  -5.3227392E-01  -2.8774095E-01  -3.8588427E-02   9.9887151E-02  -3.3879351E-02  -3.7563612E-03  -2.1592725E-02  -4.0488257E-02   1.2363421E-02  -2.3976978E-06  -1.1661335E-05
  1.9053110E-05  -9.3294867E-04   6.0649215E-02   1.2319191E-02   3.2691628E-02   1.2881636E-02   3.2811287E-02   1.9427979E-02  -1.8512819E-02  -4.0665866E-02  -9.3090393E-02  -1.9600696E-01  -2.3659277E-01  -1.5969604E-01   3.0625929E-02   5.9802061E-01   1.2638727E+00   6.6660144E-01   1.7382665E-01   6.5629473E-02  -8.4545012E-04   9.8421689E-04   1.3991358E-05   4.8939029E-05   1.1594589E-03  -1.0290756E-01   3.7723394E-03   1.2419101E-02  -4.9891504E-01  -2.1767738E-01  -3.7745324E-02   3.7977593E-02  -2.4488009E-02   1.5601699E-02  -1.7920969E-02  -3.5751665E-02  -2.5720014E-02   3.2296301E-07  -1.9686194E-05
  1.2682202E-05   6.8638572E-04   6.5427941E-03   4.9249415E-02   4.6475190E-02   6.0586352E-03   5.6843113E-02   4.8171056E-03  -6.7405696E-02  -2.8692183E-02  -2.2908264E-02  -1.1690583E-01  -1.3651749E-01  -7.9118548E-02  -6.9937296E-02   8.1221776E-02   6.6660144E-01   1.3360484E+00   7.0695708E-01   1.7838584E-01  -8.1536366E-04   6.3636779E-04  -1.3146308E-04  -2.5859184E-06   8.7835915E-04  -2.9005557E-03   2.4286796E-03   1.2725594E-02  -2.8832027E-01  -1.9979195E-01  -7.1688999E-02  -1.2311858E-01  -2.6941678E-02   3.0341051E-03   3.5208398E-03  -3.4609162E-02  -1.2110540E-01   3.8879469E-06  -2.0615625E-05
  8.6697743E-06   7.6558609E-05   1.8474519E-02   2.3827549E-02   1.8805936E-02  -1.8566026E-02   1.7098500E-02   2.3810049E-02  -5.6986357E-02   2.1708013E-02  -2.5791694E-02  -8.4309263E-02  -5.4035777E-02  -5.4376154E-02  -8.1709591E-02   1.7488200E-03   1.7382665E-01   7.0695708E-01   1.2982453E+00   6.5408826E-01  -5.3462672E-04   2.4385724E-04  -2.0732060E-04   8.1529565E-05   8.0836287E-04  -4.7779986E-02   3.5448394E-03   2.1780010E-02  -1.7658993E-01  -1.8161226E-01   2.2213328E-02  -6.2485693E-02  -3.2069621E-02  -8.4273736E-03   6.8543876E-03  -3.4597313E-02  -1.1113303E-01   1.2850629E-05  -1.5535951E-05
  2.6908367E-06  -9.7536565E-04   3.8476938E-02  -1.5134924E-02  -9.2004677E-03  -3.6789605E-02  -1.1714344E-02   3.8193045E-02  -6.4448657E-03  -1.0625419E-02   1.0886698E-02  -2.1226220E-02  -4.9806662E-02  -6.4629453E-02  -5.8745975E-02  -1.7616424E-03   6.5629473E-02   1.7838584E-01   6.5408826E-01   1.1741923E+00  -4.7906909E-04  -2.4147047E-04  -3.2281150E-04   3.1095249E-05  -1.5942340E-04  -3.9259429E-02  -2.1316311E-03  -1.3151202E-02   3.7769080E-01  -4.9500065E-02  -1.7801104E-01  -1.6963632E-01   4.5413387E-02  -6.9347319E-03   1.4123993E-03   1.8738776E-02   9.8615311E-03   1.5078449E-05  -1.2631521E-06
 -9.7976417E-08   7.2001700E-07   1.8036891E-04  -8.3224845E-05  -2.2157659E-04  -1.8014056E-04   4.9240290E-05   5.0332378E-04   5.1421775E-04   7.8178237E-04  -9.6831791E-06  -5.9528610E-04  -9.6385844E-04  -1.1733070E-03  -1.1615593E-03  -9.3711535E-04  -8.4545012E-04  -8.1536366E-04  -5.3462672E-04  -4.7906909E-04   4.1830254E-05  -1.2107959E-05   1.2755722E-05  -5.9329955E-07   2.3318838E-06  -5.8811525E-04   7.0987634E-05   1.1598138E-04   2.3548775E-03   2.5510474E-03   4.6686306E-03   7.5626179E-03  -1.1015473E-03  -9.4886868E-05  -5.3997056E-04  -8.1969373E-04   1.1878779E-03   2.0671664E-07  -1.5208857E-07
  3.5508702E-07  -4.8219073E-06  -9.0271656E-05  -2.5447258E-05  -2.5481485E-05  -9.6738568E-05   7.8406005E-05  -4.8297979E-04  -4.4183387E-04  -2.8264377E-04   2.0070012E-04   5.8315196E-04   7.3363550E-04   8.3799910E-04   9.8371984E-04   1.1306361E-03   9.8421689E-04   6.3636779E-04   2.4385724E-04  -2.4147047E-04  -1.2107959E-05   2.1452949E-05   4.9169060E-07  -4.1537711E-08   3.3058580E-06  -4.1133496E-03   1.2271954E-04   1.2990366E-03  -2.5379609E-02  -6.4367471E-03   3.3628803E-03   5.2429164E-03  -2.7876519E-03   2.6132317E-04  -2.8247811E-04  -3.5565570E-04   4.0977557E-04  -1.1127373E-07  -3.6818079E-07
  2.1274648E-08  -2.0558139E-06  -1.8068016E-05   1.0416125E-05  -9.1571858E-05  -1.1240580E-04  -5.3272219E-05  -2.5246215E-05  -7.8533941E-06   1.7684905E-04   7.5902639E-05   6.1139424E-05   1.8137056E-05  -4.9467586E-05  -6.3615041E-05   1.0121659E-05   1.3991358E-05  -1.3146308E-04  -2.0732060E-04  -3.2281150E-04   1.2755722E-05   4.9169060E-07   6.4404921E-06  -2.4788375E-07   2.1763541E-06   7.7921947E-04   7.9519809E-06   6.1638300E-05   2.1955453E-03   4.0590465E-04   6.1180599E-04   1.3484639E-03  -1.1270106E-04   1.0390753E-04   6.1430781E-06  -1.3459907E-04   5.6721310E-04  -2.7837117E-09  -3.2074583E-08
 -1.2022192E-10  -1.7206735E-05   4.0029183E-04  -2.4736733E-04  -3.8794359E-04  -2.6858790E-04  -2.1888849E-04  -7.6003907E-05   6.2250564E-05  -1.5112099E-05  -3.4886845E-05  -3.1479745E-05   3.9965781E-05   7.9167591E-06   5.7288148E-05   1.4711320E-04   4.8939029E-05  -2.5859184E-06   8.1529565E-05   3.1095249E-05  -5.9329955E-07  -4.1537711E-08  -2.4788375E-07   4.2998027E-05  -2.4686405E-05   3.5234082E-05   4.5885271E-06   1.1717887E-04  -7.6320274E-04  -2.6707439E-05   1.6591116E-04  -2.3563973E-04   1.8640666E-05   1.0998307E-05   2.8950172E-05   1.5405156E-05  -3.1545685E-04   3.1262913E-08  -7.8310530E-08
  3.4865460E-07  -2.1099773E-04   6.2311913E-03  -2.0073489E-03  -3.7201799E-03  -4.5930408E-03  -3.2007719E-03  -1.7619149E-03  -1.6724419E-04   4.4879381E-04  -2.4552906E-04  -1.8455794E-05   9.1285250E-04  -2.0603581E-04   1.2054178E-04   2.0759193E-03   1.1594589E-03   8.7835915E-04   8.0836287E-04  -1.5942340E-04   2.3318838E-06   3.3058580E-06   2.1763541E-06  -2.4686405E-05   6.4663524E-03  -4.4344304E-03   1.4344266E-04  -3.1157256E-04  -2.1488928E-02  -2.4494892E-03   1.9283281E-03   5.3553574E-03  -2.7213996E-04   4.3801669E-04  -3.8142821E-04  -2.0000491E-03  -8.3507478E-04  -1.3572828E-07  -5.1311295E-07
 -1.3610582E-04   3.2761040E-03  -1.1605648E-01   1.6643013E-01   9.7333047E-02   3.2812320E-02  -8.2033270E-02  -3.9322368E-02  -7.6813889E-02  -5.9579006E-02   2.0634639E-02   8.4461549E-02   1.3506508E-01   1.1137660E-01  -2.7094389E-02  -1.6573510E-01  -1.0290756E-01  -2.9005557E-03  -4.7779986E-02  -3.9259429E-02  -5.8811525E-04  -4.1133496E-03   7.7921947E-04   3.5234082E-05  -4.4344304E-03   4.3334564E+01  -4.9509483E-01  -1.6560310E+00   4.0470149E+01   4.4649362E-02  -2.1849555E+01  -6.1034523E+01   2.8752716E-01  -3.3956759E-02   1.2775228E-01  -2.0286519E+00  -1.8594562E+01  -3.4114300E-04   4.3197386E-03
  2.3620201E-06   5.6008472E-05  -5.0802862E-04  -7.9506276E-04  -2.2269890E-04   1.9493720E-03   4.7468097E-05  -2.0640148E-04   3.9798322E-03   4.3222322E-03   5.5742320E-04  -2.6134319E-03  -5.7901867E-03  -3.5380948E-03  -3.1305856E-03   4.9889753E-03   3.7723394E-03   2.4286796E-03   3.5448394E-03  -2.1316311E-03   7.0987634E-05   1.2271954E-04   7.9519809E-06   4.5885271E-06   1.4344266E-04  -4.9509483E-01   8.1351765E-02  -7.9893647E-02  -4.1825841E-01   1.0009976E+00   1.8378557E+00   7.4937528E-01   7.6331907E-02  -7.6786310E-03   2.7012764E-03   9.1106254E-02   1.0564109E-01   5.5239665E-06  -1.7949243E-05
  4.5449475E-05  -6.4101016E-04   4.7058983E-02  -2.6504220E-03  -4.9120490E-03  -6.0186891E-02   3.0811744E-02   1.5290325E-02  -1.7926726E-02   1.2237673E-04  -8.8060675E-03   1.3084550E-02  -3.2125550E-04   2.8960165E-03   1.5365834E-02   1.9705896E-02   1.2419101E-02   1.2725594E-02   2.1780010E-02  -1.3151202E-02   1.1598138E-04   1.2990366E-03   6.1638300E-05   1.1717887E-04  -3.1157256E-04  -1.6560310E+00  -7.9893647E-02   3.8927779E+00  -2.9916503E+01  -3.7755244E+00   8.2800547E+00   7.2266414E+00  -2.9762470E+00  -1.6990019E-01   4.7899663E-02   2.4798163E+00   2.2143691E+00   1.7550860E-04  -3.5599908E-04
 -7.0007696E-04   9.8498010E-03  -7.4575370E-01   3.9683632E-01   1.4401605E-01   3.5384741E-01  -5.3609127E-01  -8.9658105E-02   1.4094712E-01  -1.6872039E-01   2.4933441E-01   2.4431511E-01   3.7748935E-01   2.7648876E-02  -2.1276848E-01  -5.3227392E-01  -4.9891504E-01  -2.8832027E-01  -1.7658993E-01   3.7769080E-01   2.3548775E-03  -2.5379609E-02   2.1955453E-03  -7.6320274E-04  -2.1488928E-02   4.0470149E+01  -4.1825841E-01  -2.9916503E+01   7.7002681E+02   6.8077991E+01  -6.2672520E+01  -7.0398767E+01   1.4650396E+01  -4.1258289E+00   3.1709519E+00  -1.3004968E+01  -1.7865144E+01   6.1098630E-03   3.8774434E-03
 -3.7749556E-04   3.2398336E-03  -3.1473941E-01  -3.9355314E-03   4.5817544E-02   9.3204773E-02   1.4029786E-03   8.9164217E-02   6.1342103E-02   1.5815898E-02  -1.1463731E-02   3.8756737E-02  -8.2417883E-02  -9.7647110E-02  -2.1398260E-01  -2.8774095E-01  -2.1767738E-01  -1.9979195E-01  -1.8161226E-01  -4.9500065E-02   2.5510474E-03  -6.4367471E-03   4.0590465E-04  -2.6707439E-05  -2.4494892E-03   4.4649362E-02   1.0009976E+00  -3.7755244E+00   6.8077991E+01   6.2053693E+01   4.5333184E+01   1.9395243E+01  -4.8913400E+00  -4.5467919E-01  -1.0505776E+00   3.9710431E+00   4.2197969E+00   1.2566870E-04   2.1130620E-04
 -8.9045333E-05  -1.4135208E-03  -5.5090470E-02  -1.3076236E-01  -5.4770505E-02  -1.3611917E-01   1.1832912E-01   1.7155939E-01   1.1261698E-01   1.1058890E-01  -2.1554558E-02  -2.5057931E-02  -2.7317922E-01  -1.7552600E-01  -1.6434808E-01  -3.8588427E-02  -3.7745324E-02  -7.1688999E-02   2.2213328E-02  -1.7801104E-01   4.6686306E-03   3.3628803E-03   6.1180599E-04   1.6591116E-04   1.9283281E-03  -2.1849555E+01   1.8378557E+00   8.2800547E+00  -6.2672520E+01   4.5333184E+01   1.0135879E+02   7.0469165E+01  -1.3301049E+01  -8.2936782E-01  -4.5015631E-01   5.1545149E+00   5.9562240E+00   7.4680500E-04  -2.5877162E-03
  1.2552415E-05  -4.3423519E-03   6.6460290E-02  -2.5000514E-01  -1.2371041E-01  -1.2829339E-01   1.2347673E-01   1.8234612E-01   1.4701972E-01   1.3090562E-01  -1.9343365E-04  -1.0534411E-01  -3.0617623E-01  -2.8196937E-01  -1.1978633E-01   9.9887151E-02   3.7977593E-02  -1.2311858E-01  -6.2485693E-02  -1.6963632E-01   7.5626179E-03   5.2429164E-03   1.3484639E-03  -2.3563973E-04   5.3553574E-03  -6.1034523E+01   7.4937528E-01   7.2266414E+00  -7.0398767E+01   1.9395243E+01   7.0469165E+01   1.2424806E+02  -1.1239881E+01  -3.6009860E-01  -4.2840781E-01  -6.6949149E-02   1.5520528E+01   8.5744796E-04  -7.5940539E-03
 -6.2208856E-05   1.5466980E-03  -7.1146643E-02   4.5121738E-02   4.3481057E-02   9.4070134E-02  -7.3787613E-02  -3.4039163E-02  -1.4567691E-02  -1.7194692E-02  -1.4085221E-02  -2.9043736E-03   5.7177621E-02   4.3348933E-02   1.2890886E-02  -3.3879351E-02  -2.4488009E-02  -2.6941678E-02  -3.2069621E-02   4.5413387E-02  -1.1015473E-03  -2.7876519E-03  -1.1270106E-04   1.8640666E-05  -2.7213996E-04   2.8752716E-01   7.6331907E-02  -2.9762470E+00   1.4650396E+01  -4.8913400E+00  -1.3301049E+01  -1.1239881E+01   6.6648785E+00   1.5416310E-01  -6.3417030E-02  -2.2122788E+00  -1.8619731E+00  -1.4022282E-04   1.2481906E-04
 -1.3054018E-06   4.7015202E-04  -1.6510466E-02   1.7329380E-02   6.9442637E-03  -4.1372097E-03   4.0235153E-03   1.0633525E-05  -1.5896268E-02   1.1383668E-02  -5.3452224E-03  -8.1215994E-03   2.1974603E-02   3.8823231E-03   9.0276768E-03  -3.7563612E-03   1.5601699E-02   3.0341051E-03  -8.4273736E-03  -6.9347319E-03  -9.4886868E-05   2.6132317E-04   1.0390753E-04   1.0998307E-05   4.3801669E-04  -3.3956759E-02  -7.6786310E-03  -1.6990019E-01  -4.1258289E+00  -4.5467919E-01  -8.2936782E-01  -3.6009860E-01   1.5416310E-01   3.5404683E+00   4.9008560E-01   2.2277274E-01   4.5921802E-01   2.8693294E-04   3.7977991E-05
 -5.2534549E-06  -2.1746769E-04  -1.1632883E-02   1.0736325E-02  -1.6327283E-02   4.5226737E-03  -1.4044348E-02  -6.8582067E-03  -1.9944025E-02   4.7204584E-03  -5.6879734E-05   2.2355694E-03   2.6882980E-02   3.0198936E-02   7.7006492E-03  -2.1592725E-02  -1.7920969E-02   3.5208398E-03   6.8543876E-03   1.4123993E-03  -5.3997056E-04  -2.8247811E-04   6.1430781E-06   2.8950172E-05  -3.8142821E-04   1.2775228E-01   2.7012764E-03   4.7899663E-02   3.1709519E+00  -1.0505776E+00  -4.5015631E-01  -4.2840781E-01  -6.3417030E-02   4.9008560E-01   3.3956148E+00   2.5618546E+00   1.7074500E+00  -2.9505029E-04  -2.0794489E-04
 -1.2948884E-05   2.9519357E-04  -3.8260949E-02   4.4652409E-02  -2.2533896E-02  -6.1335897E-02   5.0383771E-02  -1.1060583E-02  -2.3271617E-02  -1.2840263E-02  -1.6193359E-04   6.2040329E-02   7.7680377E-02   2.6727757E-02  -1.8233926E-02  -4.0488257E-02  -3.5751665E-02  -3.4609162E-02  -3.4597313E-02   1.8738776E-02  -8.1969373E-04  -3.5565570E-04  -1.3459907E-04   1.5405156E-05  -2.0000491E-03  -2.0286519E+00   9.1106254E-02   2.4798163E+00  -1.3004968E+01   3.9710431E+00   5.1545149E+00  -6.6949149E-02  -2.2122788E+00   2.2277274E-01   2.5618546E+00   1.7585311E+01   2.6337422E+01  -2.8528651E-05   2.5946217E-03
  9.9227620E-06  -1.8918440E-03  -3.0847625E-02  -3.0179025E-02  -1.0820224E-01  -1.4117037E-01   1.1297693E-01  -2.8656244E-03   1.1592310E-02   4.1055612E-02   1.7867522E-02   7.0163889E-02   6.0796077E-02  -5.2907201E-02  -2.0787907E-02   1.2363421E-02  -2.5720014E-02  -1.2110540E-01  -1.1113303E-01   9.8615311E-03   1.1878779E-03   4.0977557E-04   5.6721310E-04  -3.1545685E-04  -8.3507478E-04  -1.8594562E+01   1.0564109E-01   2.2143691E+00  -1.7865144E+01   4.2197969E+00   5.9562240E+00   1.5520528E+01  -1.8619731E+00   4.5921802E-01   1.7074500E+00   2.6337422E+01   5.5625801E+01   8.1934061E-05   4.6729729E-03
  7.2718156E-10  -1.3207582E-07   1.6424272E-06  -4.5211288E-06   3.1649159E-06  -5.8146334E-06  -6.3813464E-06  -1.9731621E-06   1.0742505E-05   6.3465020E-06  -7.4207322E-06  -3.2888157E-06   1.3091057E-06   5.9485116E-06   6.5380388E-06  -2.3976978E-06   3.2296301E-07   3.8879469E-06   1.2850629E-05   1.5078449E-05   2.0671664E-07  -1.1127373E-07  -2.7837117E-09   3.1262913E-08  -1.3572828E-07  -3.4114300E-04   5.5239665E-06   1.7550860E-04   6.1098630E-03   1.2566870E-04   7.4680500E-04   8.5744796E-04  -1.4022282E-04   2.8693294E-04  -2.9505029E-04  -2.8528651E-05   8.1934061E-05   5.9603423E-07  -8.4190375E-09
 -1.6209218E-08   4.5545160E-07  -1.7076308E-05   1.4335328E-05   1.0404948E-05  -3.6192933E-06   6.4790482E-06  -8.2992796E-06   9.2234582E-07  -1.2262445E-06   1.3020148E-05   8.7712959E-06   5.7591029E-06  -5.4211756E-06  -9.8723031E-06  -1.1661335E-05  -1.9686194E-05  -2.0615625E-05  -1.5535951E-05  -1.2631521E-06  -1.5208857E-07  -3.6818079E-07  -3.2074583E-08  -7.8310530E-08  -5.1311295E-07   4.3197386E-03  -1.7949243E-05  -3.5599908E-04   3.8774434E-03   2.1130620E-04  -2.5877162E-03  -7.5940539E-03   1.2481906E-04   3.7977991E-05  -2.0794489E-04   2.5946217E-03   4.6729729E-03  -8.4190375E-09   2.0996229E-06
