# omegabh2 omegach2 H0 tau logA ns calPlanck acib217 xi asz143 aps100 aps143 aps143217 aps217 aksz kgal100 kgal143 kgal143217 kgal217 galfEE100 galfEE100143 galfEE100217 galfEE143 galfEE143217 galfEE217 galfTE100 galfTE100143 galfTE100217 galfTE143 galfTE143217 galfTE217 cal0 cal2
  2.2263243E-08  -1.1466760E-07   6.4476339E-05   2.7028614E-07   3.6698223E-07   2.7562833E-07   7.1085031E-09  -1.0144785E-04   1.2120206E-06   2.8119878E-05  -3.9054943E-04  -2.2880251E-04  -6.1339992E-05   4.2400892E-05  -3.2089162E-05  -7.1144420E-06  -7.9492749E-06  -1.8433675E-05  -1.3405267E-05   5.6782105E-08   7.3790816E-08  -2.0838445E-07   5.4211577E-08   2.9351726E-07  -5.5237999E-07   2.8579983E-08   1.8140715E-08  -1.8478944E-07  -2.6265158E-07  -1.4341293E-06  -3.5770765E-06   5.3267361E-09  -1.1034190E-08
 -1.1466760E-07   1.8571432E-06  -7.9724077E-04  -3.2327015E-06  -2.1971080E-06  -4.2983137E-06  -1.2419874E-07   3.0543226E-04  -4.0388291E-06  -1.5331564E-04   2.0015591E-03   1.2198108E-03   4.5572819E-04   1.2923733E-04   4.5701211E-05   6.2884525E-05   8.6366270E-06  -5.8295020E-05  -1.2168750E-04  -7.2565943E-07  -1.0133730E-06   6.3327383E-07  -7.0366980E-07  -3.3321841E-06   7.5717099E-06   7.8486703E-08   1.4716603E-07   7.6723788E-08   1.2280048E-06   1.1438632E-05   2.1973013E-05   6.8053158E-10  -6.7565752E-09
  6.4476339E-05  -7.9724077E-04   3.6670875E-01   1.4706775E-03   1.1819420E-03   1.8932718E-03   3.9691435E-05  -1.9259908E-01   2.3645597E-03   8.0405841E-02  -1.0559284E+00  -6.4042328E-01  -2.2425230E-01  -2.5184598E-02  -4.2399508E-02  -2.7972072E-02  -5.5800227E-03   8.1857145E-03   3.4326394E-02   3.2476607E-04   4.4479748E-04  -5.4455431E-04   3.2224761E-04   1.4422147E-03  -3.2924259E-03  -5.0875775E-05  -5.5538061E-05  -1.0686130E-04  -7.2867504E-04  -5.4235374E-03  -1.2288521E-02   3.9251526E-06  -4.2512431E-06
  2.7028614E-07  -3.2327015E-06   1.4706775E-03   9.1357316E-05   1.7519644E-04   1.0369835E-05  -1.8549565E-09  -5.1775499E-03   1.3624764E-04   1.5370362E-03  -2.9843940E-02  -4.0986061E-03   4.8103231E-03   6.8091511E-03  -1.9636859E-03  -8.0727731E-04  -2.3368713E-04   4.8924697E-04   1.4462437E-03   1.9076352E-06   1.3741816E-06  -6.6876729E-06   8.4385809E-07   4.0582960E-06  -5.5979823E-05   4.5985721E-06   3.1040249E-06  -4.8599646E-06   5.6668948E-06  -5.4711639E-05  -5.8846520E-05  -3.6025740E-07  -6.1797310E-07
  3.6698223E-07  -2.1971080E-06   1.1819420E-03   1.7519644E-04   3.7288518E-04   9.6242381E-06   1.1871636E-05  -1.0828005E-02   3.1316810E-04   3.2204771E-03  -5.5741238E-02  -4.3764692E-03   1.4748683E-02   2.1399218E-02  -5.1944467E-03  -1.6237842E-03  -8.4305091E-04   9.9143826E-04   5.0129339E-03   3.0399074E-06   5.3265996E-07  -1.6050481E-05   2.0343496E-06   5.8843960E-06  -9.5560276E-05   6.0979985E-06   6.9680200E-06  -2.2537934E-05   1.4338119E-05  -8.8341170E-05  -8.9714446E-05  -4.8956553E-07  -1.4080380E-06
  2.7562833E-07  -4.2983137E-06   1.8932718E-03   1.0369835E-05   9.6242381E-06   1.9367776E-05   5.9104828E-07  -4.4358992E-03   7.7461158E-05   1.2071133E-03  -2.4884183E-02  -6.3095845E-03   1.8419746E-03   5.2979642E-03  -2.2934359E-03   8.6937739E-05  -2.9297098E-04  -2.5233503E-04   9.7844217E-04   3.4711012E-06   4.3809558E-06  -1.3842614E-06   3.4252237E-06   4.0740254E-06  -1.4489058E-05   6.9510237E-08   1.9988034E-06  -8.4910162E-07   1.0043890E-06  -1.2250942E-05  -4.5777224E-05  -1.9794792E-07  -2.0577024E-07
  7.1085031E-09  -1.2419874E-07   3.9691435E-05  -1.8549565E-09   1.1871636E-05   5.9104828E-07   6.1065252E-06   2.5815303E-04   2.5082510E-06   2.1791106E-04   8.1575503E-04   3.3107128E-04   9.6755743E-04   2.1086128E-03  -2.7014805E-04  -5.6883265E-06   4.6954979E-05   2.5235588E-04   1.1356309E-03   7.7374956E-07   5.1000582E-07  -5.9082554E-07   1.4267027E-06   3.9168527E-06  -2.0889478E-07  -2.0054757E-06  -4.5548586E-08  -6.0238127E-06   5.2505133E-07  -6.9082216E-07  -4.8175138E-06  -3.6417528E-08  -5.0596844E-08
 -1.0144785E-04   3.0543226E-04  -1.9259908E-01  -5.1775499E-03  -1.0828005E-02  -4.4358992E-03   2.5815303E-04   4.2595300E+01  -4.4440863E-01  -1.3085520E+00   4.1934478E+01  -6.6148570E-01  -1.9387877E+01  -5.9471998E+01  -1.4931376E-01   2.4547901E-01   1.2838576E-01  -2.1419939E+00  -1.8583206E+01   4.0933311E-04  -2.7639327E-04   6.8082281E-04   2.3353949E-04  -1.8066317E-03  -2.0339586E-02  -9.0810152E-03  -6.1149354E-03   2.1124589E-02   2.8300673E-03  -2.4854610E-03  -1.2875958E-02   3.7615285E-05   4.2159129E-03
  1.2120206E-06  -4.0388291E-06   2.3645597E-03   1.3624764E-04   3.1316810E-04   7.7461158E-05   2.5082510E-06  -4.4440863E-01   7.8521520E-02  -6.8148392E-02  -5.0383720E-01   1.0453384E+00   1.8520766E+00   7.1899102E-01   7.2444380E-02   6.1736847E-03   1.2384333E-02   9.7827010E-02   6.9410868E-02  -5.6948177E-05  -8.2119685E-06  -1.2302058E-04  -4.2213944E-05   3.4684065E-04   1.0941894E-03  -1.7838869E-04   1.7510582E-04  -1.4377694E-03   4.6577496E-04   2.6868202E-04  -3.2279793E-04   8.1495978E-06  -1.8189862E-05
  2.8119878E-05  -1.5331564E-04   8.0405841E-02   1.5370362E-03   3.2204771E-03   1.2071133E-03   2.1791106E-04  -1.3085520E+00  -6.8148392E-02   3.5637416E+00  -2.8409814E+01  -3.5015042E+00   7.6251881E+00   6.4872917E+00  -2.5760338E+00  -1.9227881E-01   8.5393017E-02   2.0205215E+00   1.5384130E+00   1.8886461E-04   2.2692082E-04   1.0139582E-04   8.1767447E-04  -1.4621979E-03  -5.5733105E-03   1.3526452E-03   1.4792946E-03   1.5052020E-03  -1.6510084E-05  -1.8071903E-03  -2.0917370E-02   1.4497086E-04  -3.3205275E-04
 -3.9054943E-04   2.0015591E-03  -1.0559284E+00  -2.9843940E-02  -5.5741238E-02  -2.4884183E-02   8.1575503E-04   4.1934478E+01  -5.0383720E-01  -2.8409814E+01   7.5378055E+02   5.9938848E+01  -6.3894336E+01  -7.5482402E+01   1.3371354E+01  -2.9770027E+00   4.7700880E+00  -1.0202385E+01  -1.8450488E+01  -1.0037884E-03  -6.4481930E-03   2.9986644E-02  -9.2052128E-03   1.8127615E-02   1.8767007E-02  -1.3912777E-02  -1.9546065E-02  -5.0087279E-02   1.0092136E-02  -1.1630548E-02   1.5864936E-01   6.1130657E-03   3.5599655E-03
 -2.2880251E-04   1.2198108E-03  -6.4042328E-01  -4.0986061E-03  -4.3764692E-03  -6.3095845E-03   3.3107128E-04  -6.6148570E-01   1.0453384E+00  -3.5015042E+00   5.9938848E+01   5.8872091E+01   4.4342884E+01   1.8060556E+01  -4.6510254E+00  -9.0675538E-02  -5.6811245E-01   4.6762257E+00   4.6348127E+00  -2.8365556E-03  -2.0381395E-03   3.0106473E-04  -2.1815315E-03   1.2159598E-03   1.3381962E-02  -4.7988046E-03  -1.0515816E-03  -2.5646812E-02   3.9066505E-04   4.3527332E-03   6.0419190E-02   2.1484582E-04   2.2794433E-04
 -6.1339992E-05   4.5572819E-04  -2.2425230E-01   4.8103231E-03   1.4748683E-02   1.8419746E-03   9.6755743E-04  -1.9387877E+01   1.8520766E+00   7.6251881E+00  -6.3894336E+01   4.4342884E+01   9.7668144E+01   6.4465721E+01  -1.1638777E+01  -5.5577748E-01   2.7484114E-01   4.6571008E+00   4.0040365E+00  -1.8214588E-03  -7.4310244E-04   7.9438481E-04  -1.1165667E-04   5.8506198E-03   1.9014474E-02  -1.4385666E-03   3.1893232E-03  -4.5492624E-02   5.0389428E-03  -1.0963119E-03  -2.1726908E-02   6.3014186E-04  -2.3065500E-03
  4.2400892E-05   1.2923733E-04  -2.5184598E-02   6.8091511E-03   2.1399218E-02   5.2979642E-03   2.1086128E-03  -5.9471998E+01   7.1899102E-01   6.4872917E+00  -7.5482402E+01   1.8060556E+01   6.4465721E+01   1.1792427E+02  -9.5417365E+00  -7.5708339E-01  -2.2773529E-01   4.4371661E-01   1.6142844E+01  -1.0898232E-03   2.3188591E-05   3.0025662E-03  -1.4793418E-04   3.7510598E-03   1.2224263E-02   1.0004085E-02   8.8202087E-03  -4.3243689E-02  -3.4509578E-03   3.8717356E-03   2.8501779E-02   2.4925517E-04  -7.1852200E-03
 -3.2089162E-05   4.5701211E-05  -4.2399508E-02  -1.9636859E-03  -5.1944467E-03  -2.2934359E-03  -2.7014805E-04  -1.4931376E-01   7.2444380E-02  -2.5760338E+00   1.3371354E+01  -4.6510254E+00  -1.1638777E+01  -9.5417365E+00   5.8444595E+00   1.1075813E-01  -9.1136428E-02  -1.8991204E+00  -1.4405367E+00  -4.0120024E-04  -4.2349276E-04   4.8919329E-04  -6.2006765E-04   4.6702892E-03   4.8543476E-03   5.2813411E-04  -1.3789643E-03  -2.9499403E-03  -1.7168018E-03   2.8750256E-04   7.1625374E-03  -1.4137767E-04   2.7572004E-05
 -7.1144420E-06   6.2884525E-05  -2.7972072E-02  -8.0727731E-04  -1.6237842E-03   8.6937739E-05  -5.6883265E-06   2.4547901E-01   6.1736847E-03  -1.9227881E-01  -2.9770027E+00  -9.0675538E-02  -5.5577748E-01  -7.5708339E-01   1.1075813E-01   3.6357609E+00   5.0312662E-01   1.8240231E-01   2.6278533E-01  -5.1851421E-05  -1.9433108E-04  -6.4002061E-04  -4.8935336E-05   3.4623711E-03  -5.1735614E-03  -2.8883499E-03   1.1083865E-03  -6.0316739E-04   1.2093645E-03   3.6287711E-04  -3.7554213E-03   3.3331509E-04   5.1312333E-05
 -7.9492749E-06   8.6366270E-06  -5.5800227E-03  -2.3368713E-04  -8.4305091E-04  -2.9297098E-04   4.6954979E-05   1.2838576E-01   1.2384333E-02   8.5393017E-02   4.7700880E+00  -5.6811245E-01   2.7484114E-01  -2.2773529E-01  -9.1136428E-02   5.0312662E-01   3.5224879E+00   2.7112025E+00   1.7842461E+00  -1.1886310E-04   2.1702776E-05   1.3736717E-03   2.7871236E-04   2.0105778E-03   4.4170899E-03  -2.2061755E-03  -7.7533267E-04  -1.5126301E-03   2.4551232E-03   5.1709016E-03   1.2591399E-03  -2.8751884E-04  -2.1398522E-04
 -1.8433675E-05  -5.8295020E-05   8.1857145E-03   4.8924697E-04   9.9143826E-04  -2.5233503E-04   2.5235588E-04  -2.1419939E+00   9.7827010E-02   2.0205215E+00  -1.0202385E+01   4.6762257E+00   4.6571008E+00   4.4371661E-01  -1.8991204E+00   1.8240231E-01   2.7112025E+00   1.6520993E+01   2.4437047E+01  -6.9663761E-04  -3.0939623E-04  -3.6593373E-03   8.0001551E-04  -2.4794273E-03   1.1700503E-02   7.5982118E-04   3.0478534E-03   4.0201204E-03   5.1763727E-03   1.0871157E-02   7.1178646E-03  -9.6835358E-05   2.3607505E-03
 -1.3405267E-05  -1.2168750E-04   3.4326394E-02   1.4462437E-03   5.0129339E-03   9.7844217E-04   1.1356309E-03  -1.8583206E+01   6.9410868E-02   1.5384130E+00  -1.8450488E+01   4.6348127E+00   4.0040365E+00   1.6142844E+01  -1.4405367E+00   2.6278533E-01   1.7842461E+00   2.4437047E+01   5.2339387E+01  -8.5721429E-04  -3.5093986E-04  -6.7263646E-03   7.9214184E-04  -3.3157532E-03   3.9953526E-02   7.5955050E-03   5.4905290E-03   3.7364668E-03   4.1835768E-03   9.7495385E-03   3.3602662E-02  -2.3970853E-04   4.2814681E-03
  5.6782105E-08  -7.2565943E-07   3.2476607E-04   1.9076352E-06   3.0399074E-06   3.4711012E-06   7.7374956E-07   4.0933311E-04  -5.6948177E-05   1.8886461E-04  -1.0037884E-03  -2.8365556E-03  -1.8214588E-03  -1.0898232E-03  -4.0120024E-04  -5.1851421E-05  -1.1886310E-04  -6.9663761E-04  -8.5721429E-04   3.3503746E-05   9.6826533E-06   4.1399225E-06   2.2655199E-06   3.8682060E-06  -2.5128135E-05   2.3786495E-06  -3.5876377E-06   2.2806514E-06  -5.0224134E-06   1.7569087E-05   2.2576368E-05  -6.3034747E-08  -1.3964000E-07
  7.3790816E-08  -1.0133730E-06   4.4479748E-04   1.3741816E-06   5.3265996E-07   4.3809558E-06   5.1000582E-07  -2.7639327E-04  -8.2119685E-06   2.2692082E-04  -6.4481930E-03  -2.0381395E-03  -7.4310244E-04   2.3188591E-05  -4.2349276E-04  -1.9433108E-04   2.1702776E-05  -3.0939623E-04  -3.5093986E-04   9.6826533E-06   2.6199217E-05   1.2144325E-06   1.2583436E-05   2.5893172E-06  -2.7874678E-05  -3.5828684E-06  -4.3775044E-06   1.3543447E-05  -6.8212280E-06  -4.2991510E-06  -3.6023054E-05  -1.5902350E-07  -1.0676867E-07
 -2.0838445E-07   6.3327383E-07  -5.4455431E-04  -6.6876729E-06  -1.6050481E-05  -1.3842614E-06  -5.9082554E-07   6.8082281E-04  -1.2302058E-04   1.0139582E-04   2.9986644E-02   3.0106473E-04   7.9438481E-04   3.0025662E-03   4.8919329E-04  -6.4002061E-04   1.3736717E-03  -3.6593373E-03  -6.7263646E-03   4.1399225E-06   1.2144325E-06   1.0197295E-03   2.6640000E-06   3.2783829E-05   1.6717082E-05   2.3625163E-05   4.2981713E-05   7.7637435E-06   2.9626572E-05  -8.0228522E-05   2.8930980E-05  -1.3572879E-07  -9.3299959E-07
  5.4211577E-08  -7.0366980E-07   3.2224761E-04   8.4385809E-07   2.0343496E-06   3.4252237E-06   1.4267027E-06   2.3353949E-04  -4.2213944E-05   8.1767447E-04  -9.2052128E-03  -2.1815315E-03  -1.1165667E-04  -1.4793418E-04  -6.2006765E-04  -4.8935336E-05   2.7871236E-04   8.0001551E-04   7.9214184E-04   2.2655199E-06   1.2583436E-05   2.6640000E-06   4.6630855E-05   2.4274964E-06  -2.9626306E-06   2.0755779E-06   1.6126955E-06  -3.6628883E-06  -1.0269128E-05  -4.7716493E-06   1.0006763E-05  -4.3512364E-08  -2.7417169E-08
  2.9351726E-07  -3.3321841E-06   1.4422147E-03   4.0582960E-06   5.8843960E-06   4.0740254E-06   3.9168527E-06  -1.8066317E-03   3.4684065E-04  -1.4621979E-03   1.8127615E-02   1.2159598E-03   5.8506198E-03   3.7510598E-03   4.6702892E-03   3.4623711E-03   2.0105778E-03  -2.4794273E-03  -3.3157532E-03   3.8682060E-06   2.5893172E-06   3.2783829E-05   2.4274964E-06   2.3040539E-03   1.9809753E-04  -1.7425314E-05  -4.1258901E-05  -1.3400244E-04  -8.1661423E-05   9.3379161E-05   1.3545762E-04  -6.3614221E-08  -8.3448357E-07
 -5.5237999E-07   7.5717099E-06  -3.2924259E-03  -5.5979823E-05  -9.5560276E-05  -1.4489058E-05  -2.0889478E-07  -2.0339586E-02   1.0941894E-03  -5.5733105E-03   1.8767007E-02   1.3381962E-02   1.9014474E-02   1.2224263E-02   4.8543476E-03  -5.1735614E-03   4.4170899E-03   1.1700503E-02   3.9953526E-02  -2.5128135E-05  -2.7874678E-05   1.6717082E-05  -2.9626306E-06   1.9809753E-04   1.7145518E-02   7.6104225E-05  -7.3731596E-05  -1.1689797E-04  -9.3274661E-06  -2.4228069E-04  -5.4781360E-04  -7.6723195E-07   4.2519484E-06
  2.8579983E-08   7.8486703E-08  -5.0875775E-05   4.5985721E-06   6.0979985E-06   6.9510237E-08  -2.0054757E-06  -9.0810152E-03  -1.7838869E-04   1.3526452E-03  -1.3912777E-02  -4.7988046E-03  -1.4385666E-03   1.0004085E-02   5.2813411E-04  -2.8883499E-03  -2.2061755E-03   7.5982118E-04   7.5955050E-03   2.3786495E-06  -3.5828684E-06   2.3625163E-05   2.0755779E-06  -1.7425314E-05   7.6104225E-05   1.5036809E-03   3.2412949E-04   8.4730815E-05  -4.0879464E-04  -4.6055447E-04  -3.4958384E-04   1.2217993E-07  -1.4879465E-07
  1.8140715E-08   1.4716603E-07  -5.5538061E-05   3.1040249E-06   6.9680200E-06   1.9988034E-06  -4.5548586E-08  -6.1149354E-03   1.7510582E-04   1.4792946E-03  -1.9546065E-02  -1.0515816E-03   3.1893232E-03   8.8202087E-03  -1.3789643E-03   1.1083865E-03  -7.7533267E-04   3.0478534E-03   5.4905290E-03  -3.5876377E-06  -4.3775044E-06   4.2981713E-05   1.6126955E-06  -4.1258901E-05  -7.3731596E-05   3.2412949E-04   8.7084919E-04   1.6856219E-05   7.4136700E-04  -5.0103468E-05  -7.7844715E-04  -2.4712849E-07   5.1240944E-07
 -1.8478944E-07   7.6723788E-08  -1.0686130E-04  -4.8599646E-06  -2.2537934E-05  -8.4910162E-07  -6.0238127E-06   2.1124589E-02  -1.4377694E-03   1.5052020E-03  -5.0087279E-02  -2.5646812E-02  -4.5492624E-02  -4.3243689E-02  -2.9499403E-03  -6.0316739E-04  -1.5126301E-03   4.0201204E-03   3.7364668E-03   2.2806514E-06   1.3543447E-05   7.7637435E-06  -3.6628883E-06  -1.3400244E-04  -1.1689797E-04   8.4730815E-05   1.6856219E-05   7.3906292E-03  -2.5823341E-04   1.6551981E-03   5.6546102E-03  -5.9639522E-07   4.1660258E-06
 -2.6265158E-07   1.2280048E-06  -7.2867504E-04   5.6668948E-06   1.4338119E-05   1.0043890E-06   5.2505133E-07   2.8300673E-03   4.6577496E-04  -1.6510084E-05   1.0092136E-02   3.9066505E-04   5.0389428E-03  -3.4509578E-03  -1.7168018E-03   1.2093645E-03   2.4551232E-03   5.1763727E-03   4.1835768E-03  -5.0224134E-06  -6.8212280E-06   2.9626572E-05  -1.0269128E-05  -8.1661423E-05  -9.3274661E-06  -4.0879464E-04   7.4136700E-04  -2.5823341E-04   2.9279035E-03   1.2694978E-03  -3.1350047E-04   2.8486097E-07   2.0764234E-06
 -1.4341293E-06   1.1438632E-05  -5.4235374E-03  -5.4711639E-05  -8.8341170E-05  -1.2250942E-05  -6.9082216E-07  -2.4854610E-03   2.6868202E-04  -1.8071903E-03  -1.1630548E-02   4.3527332E-03  -1.0963119E-03   3.8717356E-03   2.8750256E-04   3.6287711E-04   5.1709016E-03   1.0871157E-02   9.7495385E-03   1.7569087E-05  -4.2991510E-06  -8.0228522E-05  -4.7716493E-06   9.3379161E-05  -2.4228069E-04  -4.6055447E-04  -5.0103468E-05   1.6551981E-03   1.2694978E-03   1.5596501E-02   1.9081852E-02   4.3547751E-07   1.2339022E-06
 -3.5770765E-06   2.1973013E-05  -1.2288521E-02  -5.8846520E-05  -8.9714446E-05  -4.5777224E-05  -4.8175138E-06  -1.2875958E-02  -3.2279793E-04  -2.0917370E-02   1.5864936E-01   6.0419190E-02  -2.1726908E-02   2.8501779E-02   7.1625374E-03  -3.7554213E-03   1.2591399E-03   7.1178646E-03   3.3602662E-02   2.2576368E-05  -3.6023054E-05   2.8930980E-05   1.0006763E-05   1.3545762E-04  -5.4781360E-04  -3.4958384E-04  -7.7844715E-04   5.6546102E-03  -3.1350047E-04   1.9081852E-02   8.1465891E-02  -4.1254695E-06   1.1242306E-07
  5.3267361E-09   6.8053158E-10   3.9251526E-06  -3.6025740E-07  -4.8956553E-07  -1.9794792E-07  -3.6417528E-08   3.7615285E-05   8.1495978E-06   1.4497086E-04   6.1130657E-03   2.1484582E-04   6.3014186E-04   2.4925517E-04  -1.4137767E-04   3.3331509E-04  -2.8751884E-04  -9.6835358E-05  -2.3970853E-04  -6.3034747E-08  -1.5902350E-07  -1.3572879E-07  -4.3512364E-08  -6.3614221E-08  -7.6723195E-07   1.2217993E-07  -2.4712849E-07  -5.9639522E-07   2.8486097E-07   4.3547751E-07  -4.1254695E-06   6.0258957E-07  -7.9016991E-10
 -1.1034190E-08  -6.7565752E-09  -4.2512431E-06  -6.1797310E-07  -1.4080380E-06  -2.0577024E-07  -5.0596844E-08   4.2159129E-03  -1.8189862E-05  -3.3205275E-04   3.5599655E-03   2.2794433E-04  -2.3065500E-03  -7.1852200E-03   2.7572004E-05   5.1312333E-05  -2.1398522E-04   2.3607505E-03   4.2814681E-03  -1.3964000E-07  -1.0676867E-07  -9.3299959E-07  -2.7417169E-08  -8.3448357E-07   4.2519484E-06  -1.4879465E-07   5.1240944E-07   4.1660258E-06   2.0764234E-06   1.2339022E-06   1.1242306E-07  -7.9016991E-10   2.0324370E-06
